seeds: 79 14 55 13

seed-to-soil map:
50 98 2
--------
98 50
99 51
---------

52 50 48
----------
50 52
...
79 81
...
92 94
...
97 99
----------

(81-94)
soil-to-fertilizer map:
0 15 37
37 52 2
39 0 15

(81-94)
fertilizer-to-water map:
49 53 8
0 11 42
42 0 7
57 7 4

(81-94)
water-to-light map:
88 18 7
18 25 70
--------------
25 18
...
81 74
...
94 87
------------

(74-87)
light-to-temperature map:
45 77 23
81 45 19
68 64 13
----------
45 81
...
63 99
-----------
64 68
...
74 78
...
76 80
-----------
77 45
...
87 55
...
99 67
-----------

45-55 (11), 78-80 (3),
temperature-to-humidity map:
0 69 1
1 0 69
-----------
0 1
...
45 46
...
55 56
...
68 69
-----------
69 0
----------

46-56 (11), 78-80 (3),
humidity-to-location map:
60 56 37
56 93 4


---------------------
seed: 79-93 (14)

seed-soil: 1
81-95 (15),

soil-fertilizer: 1
81-95 (15),

fertilizer-water: 1
81-95 (15),

water-light: 2
74-87 (14), 81-82 (2),

light-temperature: 3
45-55 (11), 84-87 (4), 49-50 (2),

temperature-humidity: 3
46-56 (11), 84-87 (4), 50-51 (2),

humidity-location: 4
60-60 (1), 46-56 (11), 88-91 (4), 50-51 (2),



seed-to-soil map:
583826644 2288418886 120919689
2666741396 3172314277 160907737
416244021 605500997 167582623
779666561 2280573809 7845077
704746333 908146497 74920228
845411123 2565941729 61831565
1527751557 3025978089 146336188
2827649133 2012274036 268299773
259640867 2409338575 156603154
0 2766337222 259640867
787511638 983066725 57899485
907242688 1526828044 485445992
1674087745 237273108 368227889
2180879562 1040966210 485861834
1392688680 773083620 135062877
3095948906 0 237273108
2042315634 2627773294 138563928


(3429320627-3664624662) (235304036),
soil-to-fertilizer map:
3793729374 3825015981 63222599
1438266078 0 258943930
1292079166 1479426911 146186912
2816531945 2822520060 385496901
1078023340 1741334425 98335224
3856951973 3668871521 111838140
4180611137 3904426682 114356159
0 1958275780 804927654
3968790113 3380257222 80572704
843553208 2801828988 20691072
1724422279 286156201 594958638
3616894031 4018782841 39547646
1697210008 258943930 27212271
3700747997 3472761445 92981377
4101643138 3565742822 50848378
4152491516 3460829926 11931519
976862296 1378265867 101161044
2319380917 881114839 497151028
3380257222 4058330487 236636809
3656441677 3780709661 44306320
864244280 1845657764 112618016
1176358564 1625613823 115720602
4164423035 3888238580 16188102
3202028846 1839669649 5988115
804927654 2763203434 38625554
4049362817 3616591200 52280321

----------------- (227986552)
...
3460829926 x
...
3472761445 3700747997 
...
3565742821 3658724198
...
3664624662 x
----------------- 